10240 1 -1 -1
22531 1 2 -1
6151 0 1 -1
4110 1 -2 -1
2100 1 -1 -1
10299 -1 2 -1
6205 -1 0 -1
10312 1 0 -1
6217 1 0 -1
8283 -1 0 -1
8291 -2 1 -1
10342 1 1 -1
2153 1 0 -1
22634 -2 0 -1
24698 1 -1 -1
2186 1 2 -1
6330 0 1 -1
18634 -2 -1 -1
204 2 -2 -1
12517 0 2 -1
18664 2 2 -1
10489 1 2 -1
12540 -2 2 -1
8445 0 1 -1
10511 -1 0 -1
8480 1 2 -1
12590 -2 2 -1
4423 -1 1 1420433399
4444 -1 0 -1
10619 1 -2 -1
10737 -2 0 -1
23110 -2 1 -1
23115 -1 -1 -1
588 -2 1 -1
19039 1 0 -1
614 0 2 -1
17001 1 0 -1
17016 -2 0 -1
8824 -1 -1 -1
2701 1 -1 -1
19101 1 2 -1
17053 0 -1 -1
15010 -1 -1 -1
23216 1 1 -1
19133 2 1 -1
25283 0 1 -1
23239 0 1 -1
4810 -2 0 -1
2765 2 -1 -1
17112 1 1 -1
734 1 -2 -1
25315 2 0 -1
2787 -1 1 1420433399
23291 0 1 -1
15130 0 2 -1
6962 2 -1 -1
17212 -2 1 -1
6972 0 1 1420433399
2877 0 2 1420433399
15173 -1 1 -1
6998 1 -1 -1
25440 2 -2 -1
7012 -1 -2 -1
25445 2 0 -1
2929 0 1 -1
25459 0 -2 -1
15231 -2 2 -1
25477 2 0 -1
2957 1 1 -1
25518 1 0 -1
15301 0 1 -1
25566 2 1 -1
7145 0 2 -1
7150 -1 -1 -1
7160 -1 -2 -1
3074 -1 0 -1
25606 2 -1 -1
7178 1 2 -1
19511 1 -2 -1
7235 0 1 -1
19527 2 1 -1
11336 -1 -2 -1
11349 -1 0 -1
25686 1 -2 -1
7255 -1 0 -1
3204 -2 1 -1
3220 -2 -1 -1
5271 1 1 -1
3255 -2 1 -1
5307 -2 0 -1
19648 1 1 -1
23746 0 -1 -1
23787 1 1 -1
3313 -2 -1 -1
13588 0 -1 -1
13598 2 -1 -1
13628 1 0 -1
1356 2 -1 -1
3406 2 0 -1
3430 1 0 -1
21900 -2 1 -1
9626 -1 0 -1
3500 2 1 -1
13743 0 -1 -1
1461 2 -1 -1
3515 -1 -1 -1
3526 1 0 -1
7638 1 1 -1
7643 -2 -2 -1
9704 -2 0 -1
13803 -2 0 -1
24044 1 2 -1
21999 1 2 -1
1523 1 1 -1
5620 -1 -1 -1
3574 0 -1 -1
1554 -1 1 -1
24088 2 2 -1
26140 1 -2 -1
7708 -2 2 -1
1571 0 1 -1
15913 0 -2 -1
7735 -1 2 -1
3646 -1 -1 -1
24135 0 1 -1
18015 2 0 -1
15985 1 -1 -1
1650 -1 0 -1
5753 1 -1 -1
15999 -1 -1 -1
18125 0 1 -1
18126 1 1 -1
5864 0 -2 -1
24298 2 0 -1
12010 1 1 1407072102
24300 1 1 -1
1819 -1 1 -1
12066 1 -1 -1
5970 -1 1 -1
12118 1 -1 -1
20315 1 1 -1
18332 -2 -2 -1
4002 2 -1 -1
12201 -1 0 -1
4020 -2 -2 -1
22453 2 1 -1
4030 -1 2 1420433399
1995 -2 1 -1
8151 -1 -1 -1
10213 -1 2 -1
2023 1 -1 -1
26601 0 -1 -1
22505 0 -1 -1
8179 1 0 1420433399
